[gd_scene format=3 uid="uid://b7cuij4ir5lg2"]

[ext_resource type="PackedScene" uid="uid://cpwjhx66rd4l6" path="res://Player/Players.tscn" id="1_a526m"]
[ext_resource type="Script" uid="uid://pvuhvrdu7l84" path="res://Level/finish.gd" id="2_r3cbp"]
[ext_resource type="PackedScene" uid="uid://dgqn6io4i1gr5" path="res://Level/gui.tscn" id="3_cyxyq"]
[ext_resource type="PackedScene" uid="uid://bbuq2iocr74df" path="res://scenes/Obstacles/AirTank.tscn" id="4_wp1u0"]
[ext_resource type="PackedScene" uid="uid://cx47vqyn5m8ih" path="res://scenes/Obstacles/Lpipe.tscn" id="5_6fg3j"]
[ext_resource type="PackedScene" uid="uid://cf68vxfdd3vyb" path="res://scenes/Obstacles/RadarDish.tscn" id="6_2ld0w"]
[ext_resource type="PackedScene" uid="uid://t0ht46te8dc" path="res://scenes/Obstacles/SolarPanel.tscn" id="7_32x38"]
[ext_resource type="PackedScene" uid="uid://dlh2xmwnuvbhg" path="res://scenes/Obstacles/StraightPipe.tscn" id="8_66v8m"]
[ext_resource type="PackedScene" uid="uid://d1wtejinsd17r" path="res://scenes/Obstacles/Tpipe.tscn" id="9_ul75j"]
[ext_resource type="PackedScene" uid="uid://dexpiutlhps35" path="res://scenes/Obstacles/TubeSegment.tscn" id="10_4jlx7"]
[ext_resource type="PackedScene" uid="uid://bauwda0caf8en" path="res://scenes/Obstacles/Large/2XAirTank.tscn" id="11_32x38"]
[ext_resource type="PackedScene" uid="uid://boe41wd387f2j" path="res://scenes/Obstacles/FuelTank.tscn" id="11_s8y5b"]
[ext_resource type="PackedScene" uid="uid://b7pg7wryq6dwp" path="res://scenes/Obstacles/Large/2XLpipe.tscn" id="12_66v8m"]
[ext_resource type="PackedScene" uid="uid://cble4o5q5paha" path="res://scenes/Obstacles/Large/2XRadarDish.tscn" id="13_ul75j"]
[ext_resource type="PackedScene" uid="uid://bl12tpu8kyaui" path="res://scenes/Obstacles/Large/2XStraightPipe.tscn" id="14_ul75j"]
[ext_resource type="PackedScene" uid="uid://d0t4et1rit4dl" path="res://scenes/Obstacles/Large/2XSolarPanel.tscn" id="15_4jlx7"]
[ext_resource type="PackedScene" uid="uid://blvh4uiy4ywe6" path="res://scenes/Obstacles/Moving/MovingObstacles.tscn" id="16_4jlx7"]
[ext_resource type="PackedScene" uid="uid://djdbwldfd2rdj" path="res://scenes/Obstacles/Engine.tscn" id="17_mdaqt"]
[ext_resource type="PackedScene" uid="uid://c2ppr7sbkeb5n" path="res://scenes/Obstacles/ShipModule.tscn" id="18_06k41"]
[ext_resource type="PackedScene" uid="uid://cjg6xh774tdxu" path="res://scenes/Obstacles/HullPiece.tscn" id="19_06k41"]
[ext_resource type="PackedScene" uid="uid://b73ejcdb1gdj0" path="res://scenes/Obstacles/SteelBeam.tscn" id="20_t67x2"]
[ext_resource type="PackedScene" uid="uid://jm1uap7kxo4a" path="res://scenes/Obstacles/Wall1.tscn" id="21_kmry4"]
[ext_resource type="PackedScene" uid="uid://0418o0kw88bu" path="res://scenes/Obstacles/Wall2.tscn" id="22_ag07g"]
[ext_resource type="PackedScene" uid="uid://dl2fbolep8phb" path="res://scenes/Obstacles/Wall3.tscn" id="23_ag07g"]
[ext_resource type="Script" uid="uid://bya2sx1s0qt6m" path="res://scenes/Obstacles/Moving/obstacle_destroyer.gd" id="25_sxym8"]

[sub_resource type="ProceduralSkyMaterial" id="ProceduralSkyMaterial_a526m"]
sky_horizon_color = Color(0.66224277, 0.6717428, 0.6867428, 1)
ground_horizon_color = Color(0.66224277, 0.6717428, 0.6867428, 1)

[sub_resource type="Sky" id="Sky_r3cbp"]
sky_material = SubResource("ProceduralSkyMaterial_a526m")

[sub_resource type="Environment" id="Environment_cyxyq"]
background_mode = 2
sky = SubResource("Sky_r3cbp")
tonemap_mode = 2
glow_enabled = true

[sub_resource type="BoxShape3D" id="BoxShape3D_a526m"]
size = Vector3(400, 10, 10)

[sub_resource type="BoxShape3D" id="BoxShape3D_4jlx7"]
size = Vector3(1, 1, 133.08868)

[sub_resource type="BoxShape3D" id="BoxShape3D_ynnpp"]
size = Vector3(1, 15.182648, 304.50046)

[node name="Level" type="Node3D" unique_id=1624418232]

[node name="WorldEnvironment" type="WorldEnvironment" parent="." unique_id=1627344565]
environment = SubResource("Environment_cyxyq")

[node name="DirectionalLight3D" type="DirectionalLight3D" parent="." unique_id=950269637]
transform = Transform3D(-0.8660254, -0.43301278, 0.25, 0, 0.49999997, 0.86602545, -0.50000006, 0.75, -0.43301266, 0, 0, 0)
shadow_enabled = true

[node name="Player" parent="." unique_id=138146089 instance=ExtResource("1_a526m")]

[node name="Finish" type="Area3D" parent="." unique_id=605422326]
transform = Transform3D(1, 0, 0, 0, 1, 0, 0, 0, 1, 0, 0, -240.18)
script = ExtResource("2_r3cbp")

[node name="CollisionShape3D" type="CollisionShape3D" parent="Finish" unique_id=285719030]
transform = Transform3D(1, 0, 0, 0, 1, 0, 0, 0, 1, 30.42376, 0, 52.299942)
shape = SubResource("BoxShape3D_a526m")

[node name="GUi" parent="." unique_id=619308295 instance=ExtResource("3_cyxyq")]

[node name="InvisibleWall1" type="StaticBody3D" parent="." unique_id=351356680]
transform = Transform3D(1, 0, 0, 0, 1, 0, 0, 0, 1, -30.71568, 0, 0)

[node name="CollisionShape3D" type="CollisionShape3D" parent="InvisibleWall1" unique_id=78754367]
transform = Transform3D(1, 0, 0, 0, 1, 0, 0, 0, 1, -3.1767387, 0, -66.04434)
shape = SubResource("BoxShape3D_4jlx7")

[node name="InvisibleWall2" type="StaticBody3D" parent="." unique_id=2132254653]
transform = Transform3D(1, 0, 0, 0, 1, 0, 0, 0, 1, 60, 0, 0)

[node name="CollisionShape3D" type="CollisionShape3D" parent="InvisibleWall2" unique_id=444039618]
transform = Transform3D(1, 0, 0, 0, 1, 0, 0, 0, 1, -3.1767387, 0, -66.04434)
shape = SubResource("BoxShape3D_4jlx7")

[node name="MovingObstacles" type="Node" parent="." unique_id=1026078093]

[node name="MovingObstacles" parent="MovingObstacles" unique_id=1969872525 instance=ExtResource("16_4jlx7")]
transform = Transform3D(1, 0, 0, 0, 1, 0, 0, 0, 1, -44.007523, 0, -155.099)

[node name="ObstacleGenerator" parent="MovingObstacles/MovingObstacles" index="0" unique_id=231334155]
transform = Transform3D(1, 0, 0, 0, 1, 0, 0, 0, 1, -26.77282, 0, 0)
speed = 8.0
scenes = Array[PackedScene]([ExtResource("5_6fg3j"), ExtResource("6_2ld0w"), ExtResource("7_32x38"), ExtResource("8_66v8m"), ExtResource("9_ul75j"), ExtResource("10_4jlx7"), ExtResource("11_s8y5b")])
delay_seconds = 3.0

[node name="ObstacleDestroyer" parent="MovingObstacles/MovingObstacles" index="1" unique_id=731762659]
transform = Transform3D(1, 0, 0, 0, 1, 0, 0, 0, 1, 142.97256, 0, 0)

[node name="MovingObstacles2" parent="MovingObstacles" unique_id=693080781 instance=ExtResource("16_4jlx7")]
transform = Transform3D(1, 0, 0, 0, 1, 0, 0, 0, 1, -44.007523, 0, -179.75111)

[node name="ObstacleGenerator" parent="MovingObstacles/MovingObstacles2" index="0" unique_id=231334155]
transform = Transform3D(1, 0, 0, 0, 1, 0, 0, 0, 1, -26.77282, 0, 0)
speed = 7.0
scenes = Array[PackedScene]([ExtResource("5_6fg3j"), ExtResource("6_2ld0w"), ExtResource("7_32x38"), ExtResource("8_66v8m"), ExtResource("9_ul75j"), ExtResource("10_4jlx7"), ExtResource("11_s8y5b")])
delay_seconds = 3.0

[node name="ObstacleDestroyer" parent="MovingObstacles/MovingObstacles2" index="1" unique_id=731762659]
transform = Transform3D(1, 0, 0, 0, 1, 0, 0, 0, 1, 142.97256, 0, 0)

[node name="MovingObstacles3" parent="MovingObstacles" unique_id=1424898813 instance=ExtResource("16_4jlx7")]
transform = Transform3D(1, 0, 0, 0, 1, 0, 0, 0, 1, -44.007523, 0, -171.02849)

[node name="ObstacleGenerator" parent="MovingObstacles/MovingObstacles3" index="0" unique_id=231334155]
transform = Transform3D(1, 0, 0, 0, 1, 0, 0, 0, 1, -26.77282, 0, 0)
speed = 10.0
scenes = Array[PackedScene]([ExtResource("5_6fg3j"), ExtResource("6_2ld0w"), ExtResource("7_32x38"), ExtResource("8_66v8m"), ExtResource("9_ul75j"), ExtResource("10_4jlx7"), ExtResource("11_s8y5b")])
delay_seconds = 3.0

[node name="ObstacleDestroyer" parent="MovingObstacles/MovingObstacles3" index="1" unique_id=731762659]
transform = Transform3D(1, 0, 0, 0, 1, 0, 0, 0, 1, 142.97256, 0, 0)

[node name="Obstacles" type="Node" parent="." unique_id=327245188]

[node name="AirTank" parent="Obstacles" unique_id=1945124846 instance=ExtResource("4_wp1u0")]
transform = Transform3D(1, 0, 0, 0, 1, 0, 0, 0, 1, -8.964495, 0, -12.417035)

[node name="Lpipe" parent="Obstacles" unique_id=1492379395 instance=ExtResource("5_6fg3j")]
transform = Transform3D(1, 0, 0, 0, 1, 0, 0, 0, 1, 13.006191, 0, -15.82197)

[node name="RadarDish" parent="Obstacles" unique_id=1953574351 instance=ExtResource("6_2ld0w")]
transform = Transform3D(1, 0, 0, 0, 1, 0, 0, 0, 1, 11.562908, 0, -21.582935)

[node name="SolarPanel" parent="Obstacles" unique_id=1331274703 instance=ExtResource("7_32x38")]
transform = Transform3D(1, 0, 0, 0, 1, 0, 0, 0, 1, -4.808365, 0, -16.226284)

[node name="StraightPipe" parent="Obstacles" unique_id=1337085036 instance=ExtResource("8_66v8m")]
transform = Transform3D(1, 0, 0, 0, 1, 0, 0, 0, 1, 0, 0, -15.710083)

[node name="StraightPipe4" parent="Obstacles" unique_id=2070646956 instance=ExtResource("8_66v8m")]
transform = Transform3D(1, 0, 0, 0, 1, 0, 0, 0, 1, 5.111866, 0, -59.28925)

[node name="Tpipe" parent="Obstacles" unique_id=1416478289 instance=ExtResource("9_ul75j")]
transform = Transform3D(1, 0, 0, 0, 1, 0, 0, 0, 1, 2.8656607, 0, -15.679411)

[node name="TubeSegment" parent="Obstacles" unique_id=861201017 instance=ExtResource("10_4jlx7")]
transform = Transform3D(1, 0, 0, 0, 1, 0, 0, 0, 1, 9.392098, 0, -23.900976)

[node name="AirTank2" parent="Obstacles" unique_id=355525 instance=ExtResource("4_wp1u0")]
transform = Transform3D(1, 0, 0, 0, 1, 0, 0, 0, 1, 7.535862, 0, -26.857916)

[node name="Lpipe4" parent="Obstacles" unique_id=1951743346 instance=ExtResource("5_6fg3j")]
transform = Transform3D(-0.9910532, 0, 0.13346724, 0, 1, 0, -0.13346724, 0, -0.9910532, 7.983651, 0, -123.06271)

[node name="RadarDish10" parent="Obstacles" unique_id=1199972948 instance=ExtResource("6_2ld0w")]
transform = Transform3D(-0.9910532, 0, 0.13346724, 0, 1, 0, -0.13346724, 0, -0.9910532, -3.3155622, 0, -121.17252)

[node name="TubeSegment4" parent="Obstacles" unique_id=1827663452 instance=ExtResource("10_4jlx7")]
transform = Transform3D(-0.9910532, 0, 0.13346724, 0, 1, 0, -0.13346724, 0, -0.9910532, -1.4735556, 0, -118.5855)

[node name="AirTank5" parent="Obstacles" unique_id=814491655 instance=ExtResource("4_wp1u0")]
transform = Transform3D(-0.9910532, 0, 0.13346724, 0, 1, 0, -0.13346724, 0, -0.9910532, -0.028582573, 0, -115.407265)

[node name="AirTank3" parent="Obstacles" unique_id=1268454741 instance=ExtResource("4_wp1u0")]
transform = Transform3D(1, 0, 0, 0, 1, 0, 0, 0, 1, 3.1807594, 0, -28.796223)

[node name="Lpipe3" parent="Obstacles" unique_id=1101814524 instance=ExtResource("5_6fg3j")]
transform = Transform3D(1, 0, 0, 0, 1, 0, 0, 0, 1, 0, 0, -29.96854)

[node name="RadarDish3" parent="Obstacles" unique_id=822378431 instance=ExtResource("6_2ld0w")]
transform = Transform3D(1, 0, 0, 0, 1, 0, 0, 0, 1, -4.1208086, 0, -41.98977)

[node name="RadarDish6" parent="Obstacles" unique_id=733905823 instance=ExtResource("6_2ld0w")]
transform = Transform3D(1, 0, 0, 0, 0.6219408, 0.7830643, 0, -0.7830643, 0.6219408, -12.03237, 0, -52.29235)

[node name="SolarPanel3" parent="Obstacles" unique_id=223067317 instance=ExtResource("7_32x38")]
transform = Transform3D(1, 0, 0, 0, 1, 0, 0, 0, 1, -12.499329, 0, -28.132141)

[node name="StraightPipe3" parent="Obstacles" unique_id=1469240844 instance=ExtResource("8_66v8m")]
transform = Transform3D(1, 0, 0, 0, 1, 0, 0, 0, 1, -10.417703, 0, -38.86297)

[node name="RadarDish9" parent="Obstacles" unique_id=1980864257 instance=ExtResource("6_2ld0w")]
transform = Transform3D(1, 0, 0, 0, 1, 0, 0, 0, 1, 21.208195, 0, -110.55218)

[node name="StraightPipe6" parent="Obstacles" unique_id=1601373210 instance=ExtResource("8_66v8m")]
transform = Transform3D(1, 0, 0, 0, 1, 0, 0, 0, 1, 21.833904, 0, -105.7786)

[node name="Tpipe3" parent="Obstacles" unique_id=2132297381 instance=ExtResource("9_ul75j")]
transform = Transform3D(1, 0, 0, 0, 1, 0, 0, 0, 1, 0, 0, -18.803654)

[node name="TubeSegment3" parent="Obstacles" unique_id=348136204 instance=ExtResource("10_4jlx7")]
transform = Transform3D(1, 0, 0, 0, 1, 0, 0, 0, 1, 0, 0, -18.803654)

[node name="Lpipe2" parent="Obstacles" unique_id=1912426983 instance=ExtResource("5_6fg3j")]
transform = Transform3D(1, 0, 0, 0, 1, 0, 0, 0, 1, 0, 0, -18.803654)

[node name="RadarDish2" parent="Obstacles" unique_id=428432256 instance=ExtResource("6_2ld0w")]
transform = Transform3D(1, 0, 0, 0, 1, 0, 0, 0, 1, 0, 0, -18.803654)

[node name="RadarDish4" parent="Obstacles" unique_id=1693337174 instance=ExtResource("6_2ld0w")]
transform = Transform3D(0.81002927, 0.096918374, 0.5783246, 0.18195978, 0.8960184, -0.40502056, -0.55744344, 0.43331036, 0.7081659, 0, 0, -57.690594)

[node name="SolarPanel2" parent="Obstacles" unique_id=676613415 instance=ExtResource("7_32x38")]
transform = Transform3D(1, 0, 0, 0, 1, 0, 0, 0, 1, 12.928314, 0, -46.858402)

[node name="SolarPanel6" parent="Obstacles" unique_id=1037492 instance=ExtResource("7_32x38")]
transform = Transform3D(-0.75100744, 0.24975415, 0.61123705, -0.31556624, -0.94890356, 0, 0.580005, -0.19288577, 0.7914476, 24.34972, -1.6195784, -128.63632)

[node name="RadarDish13" parent="Obstacles" unique_id=87537002 instance=ExtResource("6_2ld0w")]
transform = Transform3D(1, 0, 0, 0, 1, 0, 0, 0, 1, 21.208195, 0, -21.821693)
freeze = true

[node name="StraightPipe8" parent="Obstacles" unique_id=2052445592 instance=ExtResource("8_66v8m")]
transform = Transform3D(1, 0, 0, 0, 1, 0, 0, 0, 1, 21.833904, 0, -17.048119)
freeze = true

[node name="SolarPanel8" parent="Obstacles" unique_id=2035116438 instance=ExtResource("7_32x38")]
transform = Transform3D(-0.75100744, 0.24975415, 0.61123705, -0.31556624, -0.94890356, 0, 0.580005, -0.19288577, 0.7914476, 24.34972, -1.6195784, -18.598848)
freeze = true

[node name="SolarPanel5" parent="Obstacles" unique_id=512819709 instance=ExtResource("7_32x38")]
transform = Transform3D(0.8802787, -0.113318615, 0.4607259, 0, 0.9710593, 0.23883854, -0.474457, -0.21024448, 0.85480285, -3.2003083, 0, -109.57019)

[node name="StraightPipe2" parent="Obstacles" unique_id=2063991441 instance=ExtResource("8_66v8m")]
transform = Transform3D(1, 0, 0, 0, 1, 0, 0, 0, 1, 12.231548, 0, -38.383224)

[node name="Tpipe2" parent="Obstacles" unique_id=1380960344 instance=ExtResource("9_ul75j")]
transform = Transform3D(-0.10967367, -0.98378193, -0.14193188, 0.92970884, -0.15204096, 0.3354476, -0.3515868, -0.09516552, 0.9313058, -11.480002, 0, -49.3443)

[node name="RadarDish14" parent="Obstacles" unique_id=1140210827 instance=ExtResource("6_2ld0w")]
transform = Transform3D(-0.7563788, 0, 0.65413386, 0, 1, 0, -0.65413386, 0, -0.7563788, 36.57444, 0, -58.34616)
freeze = true

[node name="RadarDish15" parent="Obstacles" unique_id=887759552 instance=ExtResource("6_2ld0w")]
transform = Transform3D(-0.7563788, -0.51222885, 0.40683252, 0, 0.6219408, 0.7830643, -0.65413386, 0.59229326, -0.47042283, 31.964024, 0, -41.750748)
freeze = true

[node name="StraightPipe9" parent="Obstacles" unique_id=186208845 instance=ExtResource("8_66v8m")]
transform = Transform3D(-0.7563788, 0, 0.65413386, 0, 1, 0, -0.65413386, 0, -0.7563788, 39.514687, -0.07101059, -52.964657)
freeze = true

[node name="Tpipe7" parent="Obstacles" unique_id=818697676 instance=ExtResource("9_ul75j")]
transform = Transform3D(-0.14702995, 0.6818608, 0.7165529, 0.92970884, -0.15204096, 0.33544758, 0.33767402, 0.71550626, -0.61157763, 33.474644, 0, -44.341915)
freeze = true

[node name="RadarDish18" parent="Obstacles" unique_id=713686840 instance=ExtResource("6_2ld0w")]
transform = Transform3D(-0.70958304, 0, -0.70462173, 0, 1, 0, 0.70462173, 0, -0.70958304, -23.238537, 0, -38.19976)
freeze = true

[node name="StraightPipe11" parent="Obstacles" unique_id=1464058678 instance=ExtResource("8_66v8m")]
transform = Transform3D(-0.70958304, 0, -0.70462173, 0, 1, 0, 0.70462173, 0, -0.70958304, -27.046095, 0, -41.14612)
freeze = true

[node name="RadarDish19" parent="Obstacles" unique_id=1160755821 instance=ExtResource("6_2ld0w")]
transform = Transform3D(0.99763054, -0.053873904, 0.042788778, -3.295358e-08, 0.6219408, 0.7830643, -0.06879864, -0.7812088, 0.6204672, -16.828245, 0, -16.479645)
freeze = true

[node name="Tpipe9" parent="Obstacles" unique_id=1777820940 instance=ExtResource("9_ul75j")]
transform = Transform3D(-0.13360247, -0.98799837, -0.07752281, 0.92970896, -0.15204093, 0.3354476, -0.34320813, -0.027257152, 0.9388639, -16.07436, 0, -13.576581)
freeze = true

[node name="Tpipe54" parent="Obstacles" unique_id=245515157 instance=ExtResource("9_ul75j")]
transform = Transform3D(-0.13360247, -0.98799837, -0.07752281, 0.92970896, -0.15204093, 0.3354476, -0.34320813, -0.027257152, 0.9388639, 7.531288, 0, -4.8928766)
freeze = true

[node name="StraightPipe10" parent="Obstacles" unique_id=1574660923 instance=ExtResource("8_66v8m")]
transform = Transform3D(0.9953223, 0, -0.09661013, 0, 1, 0, 0.09661013, 0, 0.9953223, 38.18131, 0, -64.46138)
freeze = true

[node name="SolarPanel9" parent="Obstacles" unique_id=363571681 instance=ExtResource("7_32x38")]
transform = Transform3D(-0.80352885, 0.2672206, 0.53191596, -0.31556624, -0.94890356, 0, 0.50473696, -0.16785473, 0.84679717, 40.835167, -1.6195784, -65.76181)
freeze = true

[node name="RadarDish16" parent="Obstacles" unique_id=2139612969 instance=ExtResource("6_2ld0w")]
transform = Transform3D(-0.68964475, -0.5670544, 0.45037705, -6.535144e-09, 0.6219408, 0.7830643, -0.7241479, 0.5400362, -0.42891818, 50.65057, 0, -88.06979)
freeze = true

[node name="RadarDish17" parent="Obstacles" unique_id=657966055 instance=ExtResource("6_2ld0w")]
transform = Transform3D(-0.68964475, -0.5670544, 0.45037705, -6.535144e-09, 0.6219408, 0.7830643, -0.7241479, 0.5400362, -0.42891818, 49.44768, 0, -124.87892)
freeze = true

[node name="RadarDish20" parent="Obstacles" unique_id=2019581156 instance=ExtResource("6_2ld0w")]
transform = Transform3D(-0.68964475, -0.5670544, 0.45037705, -6.535144e-09, 0.6219408, 0.7830643, -0.7241479, 0.5400362, -0.42891818, -29.618168, 0, -86.71988)
freeze = true

[node name="SolarPanel13" parent="Obstacles" unique_id=188728327 instance=ExtResource("7_32x38")]
transform = Transform3D(-0.9242848, -0.1044212, 0.36714235, 0.107590385, -0.9941244, -0.011885066, 0.36622632, 0.0285158, 0.9300888, -23.712214, -0.4761839, -90.14212)
freeze = true

[node name="RadarDish21" parent="Obstacles" unique_id=386179169 instance=ExtResource("6_2ld0w")]
transform = Transform3D(-0.1605874, -0.7729015, 0.61386895, -6.535143e-09, 0.62194073, 0.7830642, -0.9870217, 0.12575021, -0.09987584, -16.129461, 0, -94.41363)
freeze = true

[node name="Tpipe8" parent="Obstacles" unique_id=1561512516 instance=ExtResource("9_ul75j")]
transform = Transform3D(-0.17896491, 0.60954607, 0.7722857, 0.92970884, -0.15204093, 0.33544755, 0.3218899, 0.7780341, -0.5394906, 52.40445, 0, -90.5029)
freeze = true

[node name="RadarDish7" parent="Obstacles" unique_id=61470380 instance=ExtResource("6_2ld0w")]
transform = Transform3D(0.98625684, 0, 0.16521984, 0, 1, 0, -0.16521984, 0, 0.98625684, 40.414547, 0, -86.140854)

[node name="RadarDish22" parent="Obstacles" unique_id=1234291617 instance=ExtResource("6_2ld0w")]
transform = Transform3D(0.413295, 0, -0.91059715, 0, 1, 0, 0.91059715, 0, 0.413295, -3.96908, 0, -135.75137)
freeze = true

[node name="StraightPipe12" parent="Obstacles" unique_id=1812570004 instance=ExtResource("8_66v8m")]
transform = Transform3D(0.413295, 0, -0.91059715, 0, 1, 0, 0.91059715, 0, 0.413295, -1.4903259, 0, -135.37448)
freeze = true

[node name="StraightPipe13" parent="Obstacles" unique_id=1267145829 instance=ExtResource("8_66v8m")]
transform = Transform3D(-0.8635893, 0, 0.50419617, 0, 1, 0, -0.50419617, 0, -0.8635893, -7.9871826, 0, -130.86949)
freeze = true

[node name="RadarDish23" parent="Obstacles" unique_id=1574540569 instance=ExtResource("6_2ld0w")]
transform = Transform3D(0.32338887, 0.7409874, -0.5885215, -6.184459e-09, 0.62194073, 0.7830642, 0.94626623, -0.25323427, 0.20112869, -29.19042, 0, -114.644135)
freeze = true

[node name="Tpipe10" parent="Obstacles" unique_id=442411958 instance=ExtResource("9_ul75j")]
transform = Transform3D(0.29722738, -0.22809212, -0.92716235, 0.92970896, -0.15204096, 0.33544755, -0.21747977, -0.9616951, 0.16686867, -31.801424, 0, -113.168076)
freeze = true

[node name="RadarDish24" parent="Obstacles" unique_id=221369926 instance=ExtResource("6_2ld0w")]
transform = Transform3D(-0.9649067, 0, 0.26259333, 0, 1, 0, -0.26259333, 0, -0.9649067, -19.086367, 0, -112.1133)

[node name="RadarDish8" parent="Obstacles" unique_id=1066840819 instance=ExtResource("6_2ld0w")]
transform = Transform3D(0.9862567, -0.12937771, 0.10275693, -4.5955644e-09, 0.62194073, 0.7830643, -0.16521981, -0.7723025, 0.6133933, 30.90952, 0, -94.994705)

[node name="StraightPipe5" parent="Obstacles" unique_id=1841071518 instance=ExtResource("8_66v8m")]
transform = Transform3D(0.98625684, 0, 0.16521984, 0, 1, 0, -0.16521984, 0, 0.98625684, 34.720795, 0, -82.01666)

[node name="Tpipe5" parent="Obstacles" unique_id=368538059 instance=ExtResource("9_ul75j")]
transform = Transform3D(-0.16625553, -0.98598474, 0.013888948, 0.9297091, -0.15204096, 0.3354477, -0.3286346, 0.06868259, 0.94195664, 31.941374, 0, -92.17843)

[node name="TubeSegment2" parent="Obstacles" unique_id=543047295 instance=ExtResource("10_4jlx7")]
transform = Transform3D(1, 0, 0, 0, 1, 0, 0, 0, 1, 4.3692837, 0, -54.61201)

[node name="Tpipe4" parent="Obstacles" unique_id=722573911 instance=ExtResource("9_ul75j")]
transform = Transform3D(1, 0, 0, 0, 1, 0, 0, 0, 1, -2.3109455, 1.9073486e-06, -57.721405)

[node name="RadarDish5" parent="Obstacles" unique_id=91195074 instance=ExtResource("6_2ld0w")]
transform = Transform3D(1, 0, 0, 0, 1, 0, 0, 0, 1, -3.087738, 0, -61.14653)

[node name="StraightPipe7" parent="Obstacles" unique_id=1996830220 instance=ExtResource("8_66v8m")]
transform = Transform3D(1, 0, 0, 0, 1, 0, 0, 0, 1, 8.591715, 0, -125.886185)

[node name="RadarDish11" parent="Obstacles" unique_id=1341332785 instance=ExtResource("6_2ld0w")]
transform = Transform3D(0.81002927, 0.096918374, 0.5783246, 0.18195978, 0.8960184, -0.40502056, -0.55744344, 0.43331036, 0.7081659, 3.4798489, 0, -124.28751)

[node name="SolarPanel7" parent="Obstacles" unique_id=1203145196 instance=ExtResource("7_32x38")]
transform = Transform3D(1, 0, 0, 0, 0.9710593, 0.23883854, 0, -0.23883854, 0.9710593, 4.9549866, 0, -127.54909)

[node name="TubeSegment5" parent="Obstacles" unique_id=946832369 instance=ExtResource("10_4jlx7")]
transform = Transform3D(1, 0, 0, 0, 1, 0, 0, 0, 1, 7.8491325, 0, -121.20892)

[node name="Tpipe6" parent="Obstacles" unique_id=2026479502 instance=ExtResource("9_ul75j")]
transform = Transform3D(1, 0, 0, 0, 1, 0, 0, 0, 1, 1.1689034, 1.9073486e-06, -124.31834)

[node name="RadarDish12" parent="Obstacles" unique_id=1466719013 instance=ExtResource("6_2ld0w")]
transform = Transform3D(1, 0, 0, 0, 1, 0, 0, 0, 1, 0.39211082, 0, -127.743454)

[node name="AirTank4" parent="Obstacles" unique_id=1491392300 instance=ExtResource("4_wp1u0")]
transform = Transform3D(1, 0, 0, 0, 1, 0, 0, 0, 1, 8.545559, 0, -53.912254)

[node name="StraightPipe14" parent="Obstacles" unique_id=757866035 instance=ExtResource("8_66v8m")]
transform = Transform3D(0.7368927, 0.018510401, 0.6757563, 0.6047694, 0.4286164, -0.67122424, -0.3020648, 0.9032969, 0.3046498, -5.9845333, 0, -72.58471)

[node name="Lpipe5" parent="Obstacles" unique_id=2002997707 instance=ExtResource("5_6fg3j")]
transform = Transform3D(0.98755574, -0.1463293, -0.05763132, 0.1464735, 0.989213, -0.001736861, 0.05726382, -0.0067262147, 0.9983363, -9.993018, 0.18427098, -49.281284)

[node name="AirTank6" parent="Obstacles" unique_id=1961907429 instance=ExtResource("4_wp1u0")]
transform = Transform3D(0.84904546, 0, 0.5283198, 0, 1, 0, -0.5283198, 0, 0.84904546, -11.02084, 9.536743e-07, -47.98358)

[node name="Tpipe11" parent="Obstacles" unique_id=1923067057 instance=ExtResource("9_ul75j")]
transform = Transform3D(0.9996758, 0, 0.025461603, 0, 1, 0, -0.025461603, 0, 0.9996758, -7.8149595, 0, -48.876186)

[node name="SolarPanel15" parent="Obstacles" unique_id=1976906052 instance=ExtResource("7_32x38")]
transform = Transform3D(1, 0, 0, 0, 1, 0, 0, 0, 1, -8.543521, 0, -45.38136)

[node name="SolarPanel16" parent="Obstacles" unique_id=1805002412 instance=ExtResource("7_32x38")]
transform = Transform3D(1, 0, 0, 0, 1, 0, 0, 0, 1, 29.42561, 0, -110.317795)

[node name="AirTank7" parent="Obstacles" unique_id=955988001 instance=ExtResource("4_wp1u0")]
transform = Transform3D(1, 0, 0, 0, 1, 0, 0, 0, 1, -9.377771, 0, -51.35088)

[node name="Lpipe6" parent="Obstacles" unique_id=1255097837 instance=ExtResource("5_6fg3j")]
transform = Transform3D(-0.70950806, 0.106280535, 0.6966367, 0.14647348, 0.989213, -0.0017368605, -0.6893068, 0.10080651, -0.7174219, 32.391144, 0.18427098, -45.362263)
freeze = true

[node name="AirTank17" parent="Obstacles" unique_id=95000367 instance=ExtResource("4_wp1u0")]
transform = Transform3D(-0.98779184, 0, 0.15577951, 0, 1, 0, -0.15577951, 0, -0.98779184, 34.017437, 9.536743e-07, -45.671486)
freeze = true

[node name="Tpipe17" parent="Obstacles" unique_id=498386901 instance=ExtResource("9_ul75j")]
transform = Transform3D(-0.7727889, 0, 0.63466316, 0, 1, 0, -0.63466316, 0, -0.7727889, 31.008694, 0, -47.093414)
freeze = true

[node name="AirTank18" parent="Obstacles" unique_id=2145354443 instance=ExtResource("4_wp1u0")]
transform = Transform3D(-0.7563788, 0, 0.65413386, 0, 1, 0, -0.65413386, 0, -0.7563788, 30.571987, 0, -44.19932)
freeze = true

[node name="Lpipe7" parent="Obstacles" unique_id=979461966 instance=ExtResource("5_6fg3j")]
transform = Transform3D(0.9834446, -0.14542955, 0.10810556, 0.14647353, 0.9892131, -0.0017368533, -0.10668692, 0.017542705, 0.99413776, 33.418335, 0.18427098, -92.36195)

[node name="AirTank8" parent="Obstacles" unique_id=433750850 instance=ExtResource("4_wp1u0")]
transform = Transform3D(0.750088, 0, 0.66133803, 0, 1, 0, -0.66133803, 0, 0.750088, 32.61904, 9.536743e-07, -90.91227)

[node name="Tpipe12" parent="Obstacles" unique_id=62934906 instance=ExtResource("9_ul75j")]
transform = Transform3D(0.98173046, 0, 0.19027784, 0, 1, 0, -0.19027784, 0, 0.98173046, 35.63338, 0, -92.32229)

[node name="SolarPanel18" parent="Obstacles" unique_id=1382623496 instance=ExtResource("7_32x38")]
transform = Transform3D(0.98625684, 0, 0.16521984, 0, 1, 0, -0.16521984, 0, 0.98625684, 35.492245, 0, -88.75512)

[node name="AirTank9" parent="Obstacles" unique_id=2005922484 instance=ExtResource("4_wp1u0")]
transform = Transform3D(0.98625684, 0, 0.16521984, 0, 1, 0, -0.16521984, 0, 0.98625684, 33.68319, 0, -94.50476)

[node name="Tpipe13" parent="Obstacles" unique_id=453363827 instance=ExtResource("9_ul75j")]
transform = Transform3D(0.679915, -0.7332909, 0, 0.7332909, 0.679915, 0, 0, 0, 1, -15.188586, 0, -71.254196)

[node name="TubeSegment6" parent="Obstacles" unique_id=1962226559 instance=ExtResource("10_4jlx7")]
transform = Transform3D(0.9534015, 0, 0.30170435, 0, 1, 0, -0.30170435, 0, 0.9534015, -14.816237, 0, -69.387695)

[node name="Tpipe14" parent="Obstacles" unique_id=1797411452 instance=ExtResource("9_ul75j")]
transform = Transform3D(1, 0, 0, 0, 1, 0, 0, 0, 1, -14.712053, 0, -67.98628)

[node name="RadarDish25" parent="Obstacles" unique_id=602701076 instance=ExtResource("6_2ld0w")]
transform = Transform3D(-0.84488857, -0.44445598, 0.29769465, 0.53494227, -0.7019744, 0.47017935, 0, 0.55649865, 0.8308485, -13.247688, 0, -70.284966)

[node name="AirTank10" parent="Obstacles" unique_id=615413606 instance=ExtResource("4_wp1u0")]
transform = Transform3D(1, 0, 0, 0, 1, 0, 0, 0, 1, -13.314898, 0, -72.27989)

[node name="AirTank11" parent="Obstacles" unique_id=1999390559 instance=ExtResource("4_wp1u0")]
transform = Transform3D(0.624166, 0, 0.7812917, 0, 1, 0, -0.7812917, 0, 0.624166, -14.187494, 0, -73.164085)

[node name="Tpipe15" parent="Obstacles" unique_id=1421872565 instance=ExtResource("9_ul75j")]
transform = Transform3D(0.03410259, -0.03677976, 0.9987413, 0.7332909, 0.679915, -2.4055517e-08, -0.67905927, 0.73236793, 0.05015716, 25.939919, 0, -42.679443)
freeze = true

[node name="TubeSegment7" parent="Obstacles" unique_id=837491458 instance=ExtResource("10_4jlx7")]
transform = Transform3D(-0.25350472, 0, 0.9673341, 0, 1, 0, -0.9673341, 0, -0.25350472, 27.822748, 0, -42.957706)
freeze = true

[node name="Tpipe16" parent="Obstacles" unique_id=1754573340 instance=ExtResource("9_ul75j")]
transform = Transform3D(0.05015716, 0, 0.9987413, 0, 1, 0, -0.9987413, 0, 0.05015716, 29.22762, 0, -42.99147)
freeze = true

[node name="SolarPanel20" parent="Obstacles" unique_id=1843073383 instance=ExtResource("7_32x38")]
transform = Transform3D(0.05015716, 0, 0.9987413, 0.2975331, 0.95459455, -0.014942222, -0.95339304, 0.29790807, 0.04787975, 27.946651, -1.5422697, -39.36135)
freeze = true

[node name="RadarDish26" parent="Obstacles" unique_id=527910669 instance=ExtResource("6_2ld0w")]
transform = Transform3D(-0.042377234, 0.5335055, 0.84473425, 0.5349423, -0.70197433, 0.47017935, 0.8438252, 0.47180897, -0.25564697, 27.005281, 0, -44.569286)
freeze = true

[node name="Tpipe50" parent="Obstacles" unique_id=1143686948 instance=ExtResource("9_ul75j")]
transform = Transform3D(0.027138263, 0.93661606, 0.34930468, 0.92970884, -0.15204093, 0.33544755, 0.36729428, 0.31564817, -0.87490654, 28.14098, -1.7100611, -16.19539)
freeze = true

[node name="Tpipe51" parent="Obstacles" unique_id=293370411 instance=ExtResource("9_ul75j")]
transform = Transform3D(-0.42071918, 0, 0.9071909, 0, 1, 0, -0.9071909, 0, -0.42071918, 25.011478, -1.7100611, -13.022513)
freeze = true

[node name="RadarDish42" parent="Obstacles" unique_id=891237004 instance=ExtResource("6_2ld0w")]
transform = Transform3D(0.35546082, 0.6918416, 0.62849236, 0.5349423, -0.70197433, 0.47017935, 0.7664753, 0.16907682, -0.6196197, 22.310053, -1.7100611, -13.383873)
freeze = true

[node name="StraightPipe42" parent="Obstacles" unique_id=2097807938 instance=ExtResource("8_66v8m")]
transform = Transform3D(0.9261868, 0, 0.377065, 0, 1, 0, -0.377065, 0, 0.9261868, -3.7476099, 0, 7.2341924)
freeze = true

[node name="Tpipe52" parent="Obstacles" unique_id=1767126911 instance=ExtResource("9_ul75j")]
transform = Transform3D(0.16362892, 0.9865013, -0.006375253, 0.92970884, -0.15204091, 0.33544755, 0.3299502, -0.06081602, -0.94203746, 2.415454, -1.7100611, 5.6458006)
freeze = true

[node name="Tpipe53" parent="Obstacles" unique_id=2097680232 instance=ExtResource("9_ul75j")]
transform = Transform3D(-0.7317345, 0, 0.6815898, 0, 1, 0, -0.6815898, 0, -0.7317345, 0.7133322, -1.7100611, 9.764503)
freeze = true

[node name="RadarDish43" parent="Obstacles" unique_id=1467569954 instance=ExtResource("6_2ld0w")]
transform = Transform3D(0.61823416, 0.7045275, 0.34846443, 0.53494227, -0.7019743, 0.47017926, 0.5758675, -0.104272515, -0.81086606, -1.9249486, -1.7100611, 10.448429)
freeze = true

[node name="AirTank15" parent="Obstacles" unique_id=802354756 instance=ExtResource("4_wp1u0")]
transform = Transform3D(0.05015716, 0, 0.9987413, 0, 1, 0, -0.9987413, 0, 0.05015716, 25.009493, 0, -44.602226)
freeze = true

[node name="AirTank16" parent="Obstacles" unique_id=1140807674 instance=ExtResource("4_wp1u0")]
transform = Transform3D(-0.749002, 0, 0.6625678, 0, 1, 0, -0.6625678, 0, -0.749002, 24.082647, 0, -43.775078)
freeze = true

[node name="Lpipe8" parent="Obstacles" unique_id=1398300725 instance=ExtResource("5_6fg3j")]
transform = Transform3D(-0.92979133, 0.13707507, -0.3416116, 0.14647347, 0.989213, -0.0017368753, 0.33768857, -0.051651966, -0.9398395, 35.9968, 0.184271, -136.40091)
freeze = true

[node name="Tpipe25" parent="Obstacles" unique_id=1868548461 instance=ExtResource("9_ul75j")]
transform = Transform3D(-0.9082309, 0, -0.41846934, 0, 1, 0, 0.41846934, 0, -0.9082309, 33.83595, 0, -135.91225)
freeze = true

[node name="AirTank29" parent="Obstacles" unique_id=650008824 instance=ExtResource("4_wp1u0")]
transform = Transform3D(-0.9185914, 0, -0.3952087, 0, 1, 0, 0.3952087, 0, -0.9185914, 36.24955, 0, -134.25665)
freeze = true

[node name="Tpipe26" parent="Obstacles" unique_id=1937372606 instance=ExtResource("9_ul75j")]
transform = Transform3D(-0.5961454, 0.642945, 0.48086637, 0.7332909, 0.679915, -2.0572026e-08, -0.3269483, 0.3526149, -0.8767938, 35.59626, 0, -129.42557)
freeze = true

[node name="Tpipe28" parent="Obstacles" unique_id=1613962976 instance=ExtResource("9_ul75j")]
transform = Transform3D(-0.5961454, 0.642945, 0.48086637, 0.7332909, 0.679915, -2.0572026e-08, -0.3269483, 0.3526149, -0.8767938, 34.57281, 0, -133.89598)
freeze = true

[node name="TubeSegment10" parent="Obstacles" unique_id=1198953191 instance=ExtResource("10_4jlx7")]
transform = Transform3D(-0.98101604, 0, 0.19392619, 0, 1, 0, -0.19392619, 0, -0.98101604, 36.167328, 0, -131.24117)
freeze = true

[node name="Tpipe27" parent="Obstacles" unique_id=376478631 instance=ExtResource("9_ul75j")]
transform = Transform3D(-0.87679386, 0, 0.48086637, 0, 1, 0, -0.48086637, 0, -0.87679386, 36.749863, 0, -132.52)
freeze = true

[node name="SolarPanel21" parent="Obstacles" unique_id=628821577 instance=ExtResource("7_32x38")]
transform = Transform3D(-0.83598906, 0.26806042, 0.47881716, 0.2975331, 0.95459455, -0.014942222, -0.46108165, 0.12997241, -0.8777875, 39.457405, -1.5422697, -129.78362)
freeze = true

[node name="RadarDish27" parent="Obstacles" unique_id=1371657917 instance=ExtResource("6_2ld0w")]
transform = Transform3D(0.7407932, 0.65729773, 0.13851029, 0.5349423, -0.70197433, 0.47017935, 0.40627858, -0.27421063, -0.87163424, 34.360558, 0, -131.20871)

[node name="AirTank30" parent="Obstacles" unique_id=1007436554 instance=ExtResource("4_wp1u0")]
transform = Transform3D(-0.87679386, 0, 0.48086637, 0, 1, 0, -0.48086637, 0, -0.87679386, 33.460182, 0, -129.42725)

[node name="AirTank31" parent="Obstacles" unique_id=157562234 instance=ExtResource("4_wp1u0")]
transform = Transform3D(-0.92296195, 0, -0.38489133, 0, 1, 0, 0.38489133, 0, -0.92296195, 33.800095, 0, -128.23239)

[node name="Tpipe18" parent="Obstacles" unique_id=657879609 instance=ExtResource("9_ul75j")]
transform = Transform3D(0.5509542, -0.5942062, 0.5859764, 0.733291, 0.6799151, -2.5504496e-08, -0.3984142, 0.42969126, 0.81032825, 4.454751, 0, -140.49942)
freeze = true

[node name="TubeSegment8" parent="Obstacles" unique_id=135576288 instance=ExtResource("10_4jlx7")]
transform = Transform3D(0.59577644, 0, 0.8031503, 0, 1, 0, -0.8031503, 0, 0.59577644, 5.850211, 0, -139.20512)
freeze = true

[node name="Tpipe19" parent="Obstacles" unique_id=1488738229 instance=ExtResource("9_ul75j")]
transform = Transform3D(0.8103281, 0, 0.5859764, 0, 1, 0, -0.5859764, 0, 0.8103281, 6.7558208, 0, -138.13058)
freeze = true

[node name="SolarPanel22" parent="Obstacles" unique_id=2108775611 instance=ExtResource("7_32x38")]
transform = Transform3D(0.8103281, 0, 0.5859764, 0, 1, 0, -0.5859764, 0, 0.8103281, 3.1228824, 0, -136.8576)
freeze = true

[node name="RadarDish28" parent="Obstacles" unique_id=1997560648 instance=ExtResource("6_2ld0w")]
transform = Transform3D(-0.68463695, -0.034060106, 0.72808796, 0.53494227, -0.7019744, 0.47017935, 0.49508476, 0.7113872, 0.49881786, 6.595468, 0, -140.85135)
freeze = true

[node name="AirTank12" parent="Obstacles" unique_id=880367766 instance=ExtResource("4_wp1u0")]
transform = Transform3D(0.8103281, 0, 0.5859764, 0, 1, 0, -0.5859764, 0, 0.8103281, 9.764958, 0, -140.34856)
freeze = true

[node name="AirTank13" parent="Obstacles" unique_id=659261732 instance=ExtResource("4_wp1u0")]
transform = Transform3D(0.04796076, 0, 0.9988492, 0, 1, 0, -0.9988492, 0, 0.04796076, 10.003571, 0, -138.52946)
freeze = true

[node name="Tpipe20" parent="Obstacles" unique_id=1493915509 instance=ExtResource("9_ul75j")]
transform = Transform3D(0.78437597, 0, -0.6202857, 0, 1, 0, 0.6202857, 0, 0.78437597, -11.533555, 0, -58.78973)

[node name="StraightPipe15" parent="Obstacles" unique_id=1593516144 instance=ExtResource("8_66v8m")]
transform = Transform3D(1, 0, 0, 0, 0.16912587, 0.98559445, 0, -0.98559445, 0.16912587, -13.485461, 0, -58.785698)

[node name="Tpipe21" parent="Obstacles" unique_id=341586901 instance=ExtResource("9_ul75j")]
transform = Transform3D(0.44350925, 0.8962698, 0, -0.8962698, 0.44350925, 0, 0, 0, 1, -12.977216, 0, -61.464607)

[node name="Tpipe22" parent="Obstacles" unique_id=1043591552 instance=ExtResource("9_ul75j")]
transform = Transform3D(0.78437597, 0, -0.6202857, 0, 1, 0, 0.6202857, 0, 0.78437597, 37.072895, 0, -53.745983)

[node name="StraightPipe16" parent="Obstacles" unique_id=770283425 instance=ExtResource("8_66v8m")]
transform = Transform3D(1, 0, 0, 0, 0.16912587, 0.98559445, 0, -0.98559445, 0.16912587, 35.120987, 0, -53.74195)

[node name="Tpipe23" parent="Obstacles" unique_id=127098505 instance=ExtResource("9_ul75j")]
transform = Transform3D(0.44350925, 0.8962698, 0, -0.8962698, 0.44350925, 0, 0, 0, 1, 35.629234, 0, -56.42086)

[node name="Tpipe24" parent="Obstacles" unique_id=2142137793 instance=ExtResource("9_ul75j")]
transform = Transform3D(0.8121751, 0, -0.5834137, 0, 1, 0, 0.5834137, 0, 0.8121751, 32.575233, 0, -86.58824)

[node name="StraightPipe17" parent="Obstacles" unique_id=310196533 instance=ExtResource("8_66v8m")]
transform = Transform3D(0.9989338, -0.04549992, 0.0078076962, -4.7117226e-09, 0.1691259, 0.9855947, -0.046164885, -0.98454356, 0.16894558, 30.625587, 0, -86.494095)

[node name="Tpipe29" parent="Obstacles" unique_id=127002824 instance=ExtResource("9_ul75j")]
transform = Transform3D(0.44303647, 0.8953143, 0.04616493, -0.89627, 0.4435093, -2.7395933e-08, -0.020474523, -0.04137616, 0.9989339, 31.009623, 0, -89.19362)

[node name="SolarPanel23" parent="Obstacles" unique_id=1956223848 instance=ExtResource("7_32x38")]
transform = Transform3D(1, 0, 0, 0, 1, 0, 0, 0, 1, -6.6662884, -1.0043507, -77.923706)

[node name="Tpipe30" parent="Obstacles" unique_id=1580226979 instance=ExtResource("9_ul75j")]
transform = Transform3D(0.88256216, 0.401895, 0.24405825, -0.4701957, 0.754361, 0.45809984, 0, -0.51905674, 0.8547398, 7.905117, -0.62341404, -80.82853)

[node name="StraightPipe18" parent="Obstacles" unique_id=1787362942 instance=ExtResource("8_66v8m")]
transform = Transform3D(0.5913941, -0.80638266, 0, 0.80638266, 0.5913941, 0, 0, 0, 1, -8.435562, 0, -81.2932)

[node name="SolarPanel24" parent="Obstacles" unique_id=1180196138 instance=ExtResource("7_32x38")]
transform = Transform3D(0.46833077, 0, 0.8835532, 0, 1, 0, -0.8835532, 0, 0.46833077, 19.115831, -1.0043507, -124.81082)

[node name="StraightPipe19" parent="Obstacles" unique_id=598262161 instance=ExtResource("8_66v8m")]
transform = Transform3D(0.27696806, -0.3776538, 0.8835532, 0.80638266, 0.5913941, 0, -0.5225282, 0.712482, 0.46833077, -2.987853, 0, -128.2873)

[node name="StraightPipe20" parent="Obstacles" unique_id=1282094007 instance=ExtResource("8_66v8m")]
transform = Transform3D(1, 0, 0, 0, 1, 0, 0, 0, 1, 3.5513897, 0.52678967, -76.920074)

[node name="2XAirTank" parent="Obstacles" unique_id=321542567 instance=ExtResource("11_32x38")]
transform = Transform3D(0.9075504, 0, 0.41994318, 0, 1, 0, -0.41994318, 0, 0.9075504, 3.6660872, -0.7483597, -81.2192)

[node name="2xLpipe" parent="Obstacles" unique_id=866593429 instance=ExtResource("12_66v8m")]
transform = Transform3D(1, 0, 0, 0, 0.09323953, 0.99564373, 0, -0.99564373, 0.09323953, 7.218054, -1.0048318, -75.008865)

[node name="2xRadarDish" parent="Obstacles" unique_id=1820106381 instance=ExtResource("13_ul75j")]
transform = Transform3D(0.8189266, 0.57024175, 0.06468026, -0.26109424, 0.26983145, 0.92683375, 0.51106656, -0.77589643, 0.36985904, 10.843208, -1.5407724, -77.9392)

[node name="Tpipe31" parent="Obstacles" unique_id=221339979 instance=ExtResource("9_ul75j")]
transform = Transform3D(0.88256216, 0.401895, 0.24405825, -0.4701957, 0.754361, 0.45809984, 0, -0.51905674, 0.8547398, 22.026857, -1.2146244, -146.78178)
freeze = true

[node name="2xLpipe2" parent="Obstacles" unique_id=1749103621 instance=ExtResource("12_66v8m")]
